# Optical constant: MgFeSiO4 (Draine2003)
# Mie theory: Miepython package
# a = 0.10 micron
# wavelength: micron
#wavelength 	 Qabs
6.199200e-05 4.817757e-04
6.525474e-05 5.577737e-04
6.888000e-05 6.506995e-04
7.293177e-05 7.651516e-04
7.749000e-05 9.081016e-04
8.265600e-05 1.088889e-03
8.856000e-05 1.320539e-03
9.537231e-05 1.623555e-03
1.033200e-04 2.026382e-03
1.127127e-04 2.573889e-03
1.239840e-04 3.338371e-03
1.305095e-04 3.836692e-03
1.377600e-04 4.437870e-03
1.408909e-04 4.714547e-03
1.441674e-04 5.013390e-03
1.476000e-04 5.338404e-03
1.512000e-04 5.694045e-03
1.549800e-04 6.076495e-03
1.569418e-04 6.287045e-03
1.589538e-04 6.500768e-03
1.610182e-04 6.727577e-03
1.631369e-04 6.961568e-03
1.653120e-04 7.207163e-03
1.675459e-04 7.468501e-03
1.698411e-04 7.739669e-03
1.717230e-04 8.771715e-03
1.719612e-04 8.614903e-03
1.722000e-04 8.559652e-03
1.723197e-04 8.534476e-03
1.724395e-04 8.538198e-03
1.725595e-04 8.739016e-03
1.726797e-04 8.934697e-03
1.728000e-04 9.197228e-03
1.729205e-04 9.329883e-03
1.730412e-04 9.203642e-03
1.731620e-04 8.885991e-03
1.732830e-04 8.377122e-03
1.734042e-04 7.993148e-03
1.735256e-04 8.011502e-03
1.736471e-04 8.455213e-03
1.737688e-04 8.745329e-03
1.738906e-04 9.111330e-03
1.739150e-04 9.305411e-03
1.739394e-04 9.694827e-03
1.739638e-04 1.015061e-02
1.739882e-04 1.066312e-02
1.740126e-04 1.124173e-02
1.740371e-04 1.169630e-02
1.740615e-04 1.188464e-02
1.740859e-04 1.143657e-02
1.741104e-04 1.073175e-02
1.741348e-04 9.959962e-03
1.741593e-04 9.182951e-03
1.741838e-04 8.343540e-03
1.742082e-04 7.508336e-03
1.742327e-04 6.214334e-03
1.742572e-04 4.918798e-03
1.742817e-04 3.622683e-03
1.743062e-04 2.974800e-03
1.743307e-04 2.715719e-03
1.743552e-04 2.651149e-03
1.743797e-04 2.652693e-03
1.744043e-04 2.653276e-03
1.744288e-04 2.589695e-03
1.744534e-04 2.460043e-03
1.744779e-04 2.396492e-03
1.745025e-04 2.331997e-03
1.746254e-04 2.337056e-03
1.771200e-04 2.433428e-03
1.907446e-04 3.006856e-03
2.066400e-04 3.775170e-03
2.254255e-04 4.828982e-03
2.479680e-04 6.315123e-03
2.755200e-04 8.478540e-03
3.099600e-04 1.174796e-02
3.542400e-04 1.693305e-02
4.132800e-04 2.565025e-02
4.428000e-04 3.078298e-02
4.768615e-04 3.741004e-02
5.166000e-04 4.597971e-02
5.635637e-04 5.736162e-02
6.199200e-04 7.269787e-02
6.525474e-04 8.235575e-02
6.594894e-04 8.447694e-02
6.612480e-04 8.723891e-02
6.616008e-04 8.730891e-02
6.619541e-04 8.740157e-02
6.623077e-04 8.747122e-02
6.626617e-04 8.756355e-02
6.630160e-04 8.883921e-02
6.633708e-04 9.013415e-02
6.637260e-04 9.181047e-02
6.640814e-04 9.427131e-02
6.644373e-04 9.750821e-02
6.647936e-04 9.996842e-02
6.649362e-04 1.003955e-01
6.651502e-04 9.926945e-02
6.655073e-04 9.758501e-02
6.658647e-04 9.746855e-02
6.662225e-04 9.755358e-02
6.665807e-04 9.328577e-02
6.669392e-04 9.058050e-02
6.672982e-04 9.145807e-02
6.676575e-04 9.273842e-02
6.680173e-04 9.679166e-02
6.683774e-04 1.000197e-01
6.687379e-04 1.040283e-01
6.690988e-04 1.037326e-01
6.694600e-04 9.871204e-02
6.698217e-04 9.563163e-02
6.701838e-04 9.611791e-02
6.703287e-04 9.654385e-02
6.704737e-04 9.736995e-02
6.706188e-04 9.779465e-02
6.707639e-04 9.824123e-02
6.709091e-04 1.006387e-01
6.710544e-04 1.053647e-01
6.711997e-04 1.124198e-01
6.713450e-04 1.232251e-01
6.714905e-04 1.316497e-01
6.716360e-04 1.398673e-01
6.717815e-04 1.443501e-01
6.719272e-04 1.369713e-01
6.720729e-04 1.157003e-01
6.722186e-04 9.700219e-02
6.723644e-04 8.910699e-02
6.727293e-04 7.695917e-02
6.730945e-04 7.279296e-02
6.734601e-04 7.206919e-02
6.738261e-04 7.052213e-02
6.741925e-04 7.021060e-02
6.745593e-04 7.028817e-02
6.749265e-04 6.997700e-02
6.752941e-04 6.801831e-02
6.753677e-04 6.723203e-02
6.756621e-04 6.729543e-02
6.888000e-04 7.066033e-02
7.293177e-04 8.151085e-02
7.749000e-04 9.465635e-02
8.265600e-04 1.106433e-01
8.550621e-04 1.199127e-01
8.856000e-04 1.302477e-01
8.984348e-04 1.347214e-01
9.116471e-04 1.393009e-01
9.184000e-04 1.417402e-01
9.252537e-04 1.470142e-01
9.287191e-04 1.527401e-01
9.301126e-04 1.572186e-01
9.308108e-04 1.608821e-01
9.315102e-04 1.657093e-01
9.322105e-04 1.693927e-01
9.324910e-04 1.700746e-01
9.329120e-04 1.684056e-01
9.336145e-04 1.659592e-01
9.343181e-04 1.659929e-01
9.350227e-04 1.661722e-01
9.357283e-04 1.599736e-01
9.364351e-04 1.561106e-01
9.371429e-04 1.574757e-01
9.378518e-04 1.594232e-01
9.385617e-04 1.654590e-01
9.392728e-04 1.701249e-01
9.399849e-04 1.760436e-01
9.406980e-04 1.757828e-01
9.414123e-04 1.684830e-01
9.421277e-04 1.640272e-01
9.428441e-04 1.649281e-01
9.435617e-04 1.671256e-01
9.442803e-04 1.716082e-01
9.445681e-04 1.785459e-01
9.448560e-04 1.887774e-01
9.451440e-04 2.043495e-01
9.454323e-04 2.163592e-01
9.457208e-04 2.281575e-01
9.460095e-04 2.345382e-01
9.462984e-04 2.240765e-01
9.465872e-04 1.936395e-01
9.468764e-04 1.666167e-01
9.471658e-04 1.550899e-01
9.478899e-04 1.372490e-01
9.486152e-04 1.310754e-01
9.493415e-04 1.301530e-01
9.500690e-04 1.279493e-01
9.507976e-04 1.275559e-01
9.515273e-04 1.277664e-01
9.522581e-04 1.273739e-01
9.529900e-04 1.245667e-01
9.531365e-04 1.233388e-01
9.537231e-04 1.235704e-01
9.918720e-04 1.354300e-01
1.033200e-03 1.488137e-01
1.078122e-03 1.638247e-01
1.127127e-03 1.808283e-01
1.180800e-03 2.000164e-01
1.239840e-03 2.215672e-01
1.246070e-03 2.238364e-01
1.252364e-03 2.261656e-01
1.258721e-03 2.285525e-01
1.265143e-03 2.308969e-01
1.271631e-03 2.333938e-01
1.278186e-03 2.358455e-01
1.284808e-03 2.383482e-01
1.291500e-03 2.408045e-01
1.298262e-03 2.434034e-01
1.305095e-03 2.456747e-01
1.312000e-03 2.479953e-01
1.318979e-03 2.503627e-01
1.326032e-03 2.527752e-01
1.333161e-03 2.553208e-01
1.340368e-03 2.578166e-01
1.347652e-03 2.607922e-01
1.355016e-03 2.639709e-01
1.362462e-03 2.672588e-01
1.369989e-03 2.703955e-01
1.373023e-03 2.715989e-01
1.377600e-03 2.731316e-01
1.385296e-03 2.753094e-01
1.393079e-03 2.770262e-01
1.396216e-03 2.776690e-01
1.399368e-03 2.783880e-01
1.402534e-03 2.791828e-01
1.405714e-03 2.801346e-01
1.408909e-03 2.812412e-01
1.412118e-03 2.826633e-01
1.415343e-03 2.843963e-01
1.418581e-03 2.859539e-01
1.421835e-03 2.874182e-01
1.425104e-03 2.889492e-01
1.426743e-03 2.896305e-01
1.428387e-03 2.903089e-01
1.430035e-03 2.909837e-01
1.431686e-03 2.916564e-01
1.433341e-03 2.924832e-01
1.435000e-03 2.933063e-01
1.436663e-03 2.941255e-01
1.438329e-03 2.951759e-01
1.440000e-03 2.966879e-01
1.441674e-03 2.983478e-01
1.443353e-03 3.001533e-01
1.445035e-03 3.021028e-01
1.446721e-03 3.037353e-01
1.448411e-03 3.047490e-01
1.450105e-03 3.043862e-01
1.451803e-03 3.033359e-01
1.453505e-03 3.022089e-01
1.455211e-03 3.010050e-01
1.456921e-03 2.997241e-01
1.458635e-03 2.984431e-01
1.460353e-03 2.960868e-01
1.462076e-03 2.937259e-01
1.463802e-03 2.913596e-01
1.465532e-03 2.904581e-01
1.467266e-03 2.904835e-01
1.469005e-03 2.910474e-01
1.470747e-03 2.916861e-01
1.472494e-03 2.923221e-01
1.474245e-03 2.928023e-01
1.476000e-03 2.932040e-01
1.477759e-03 2.936800e-01
1.479523e-03 2.941537e-01
1.484838e-03 2.962424e-01
1.493783e-03 2.995867e-01
1.502836e-03 3.029297e-01
1.512000e-03 3.063421e-01
1.521276e-03 3.098205e-01
1.530667e-03 3.133605e-01
1.540174e-03 3.168879e-01
1.549800e-03 3.204716e-01
1.559547e-03 3.225955e-01
1.569418e-03 3.247324e-01
1.579414e-03 3.268818e-01
1.589539e-03 3.291753e-01
1.599794e-03 3.314089e-01
1.610182e-03 3.336491e-01
1.620706e-03 3.360238e-01
1.631368e-03 3.383357e-01
1.642172e-03 3.407758e-01
1.653120e-03 3.431496e-01
1.664215e-03 3.456437e-01
1.675460e-03 3.480703e-01
1.686857e-03 3.505494e-01
1.698411e-03 3.529555e-01
1.700741e-03 3.534159e-01
1.703077e-03 3.538127e-01
1.705420e-03 3.542651e-01
1.707769e-03 3.549480e-01
1.710124e-03 3.606883e-01
1.711304e-03 3.695615e-01
1.712486e-03 3.816198e-01
1.713670e-03 3.906389e-01
1.714855e-03 3.929231e-01
1.716042e-03 3.949104e-01
1.717230e-03 4.114658e-01
1.718420e-03 4.424067e-01
1.719135e-03 4.658455e-01
1.719612e-03 4.797646e-01
1.720089e-03 4.887919e-01
1.720566e-03 4.916547e-01
1.721044e-03 4.875244e-01
1.721522e-03 4.769828e-01
1.722000e-03 4.606676e-01
1.724395e-03 3.597329e-01
1.726797e-03 3.252504e-01
1.729205e-03 3.229354e-01
1.731620e-03 3.231739e-01
1.734042e-03 3.234741e-01
1.736471e-03 3.237683e-01
1.738906e-03 3.265025e-01
1.740126e-03 3.347396e-01
1.741348e-03 3.562928e-01
1.742572e-03 3.936181e-01
1.743798e-03 4.327440e-01
1.745025e-03 4.533830e-01
1.746254e-03 4.557644e-01
1.747484e-03 4.787112e-01
1.748717e-03 5.585631e-01
1.749210e-03 5.990071e-01
1.749704e-03 6.364206e-01
1.750198e-03 6.697519e-01
1.750692e-03 6.966887e-01
1.751186e-03 7.134634e-01
1.751681e-03 7.186133e-01
1.752176e-03 7.117385e-01
1.752672e-03 6.921559e-01
1.753663e-03 6.156226e-01
1.754905e-03 4.719063e-01
1.756147e-03 3.431076e-01
1.757392e-03 2.766629e-01
1.758638e-03 2.555426e-01
1.759887e-03 2.510502e-01
1.761136e-03 2.505310e-01
1.763642e-03 2.508107e-01
1.766154e-03 2.512364e-01
1.768673e-03 2.517333e-01
1.771200e-03 2.522990e-01
1.773734e-03 2.529316e-01
1.776275e-03 2.534945e-01
1.778824e-03 2.541237e-01
1.781379e-03 2.547502e-01
1.783942e-03 2.553067e-01
1.796870e-03 2.583171e-01
1.809985e-03 2.620382e-01
1.823294e-03 2.658573e-01
1.878546e-03 2.816654e-01
1.937250e-03 2.984916e-01
1.999742e-03 3.164668e-01
2.066400e-03 3.355814e-01
2.101424e-03 3.455670e-01
2.137655e-03 3.558449e-01
2.156243e-03 3.611625e-01
2.175158e-03 3.665579e-01
2.194407e-03 3.847729e-01
2.206121e-03 4.106265e-01
2.214000e-03 4.348871e-01
2.217961e-03 4.544763e-01
2.221935e-03 4.793006e-01
2.225925e-03 4.972040e-01
2.227524e-03 5.002179e-01
2.229928e-03 4.918829e-01
2.233946e-03 4.791032e-01
2.237978e-03 4.778277e-01
2.242025e-03 4.781422e-01
2.246087e-03 4.444867e-01
2.250163e-03 4.217651e-01
2.254255e-03 4.288533e-01
2.258361e-03 4.390663e-01
2.262482e-03 4.708849e-01
2.266618e-03 4.948400e-01
2.270769e-03 5.230376e-01
2.272851e-03 5.339206e-01
2.274936e-03 5.207031e-01
2.279118e-03 4.843905e-01
2.283315e-03 4.605628e-01
2.287528e-03 4.640729e-01
2.291756e-03 4.752492e-01
2.296000e-03 4.972667e-01
2.300260e-03 6.060037e-01
2.304535e-03 7.105838e-01
2.306250e-03 7.278820e-01
2.307967e-03 6.992853e-01
2.309687e-03 5.951298e-01
2.311409e-03 4.694788e-01
2.313134e-03 4.040982e-01
2.314862e-03 3.529719e-01
2.316592e-03 3.050386e-01
2.318325e-03 2.708165e-01
2.320060e-03 2.531429e-01
2.321798e-03 2.396263e-01
2.326154e-03 2.308642e-01
2.330526e-03 2.124806e-01
2.334915e-03 2.082674e-01
2.339321e-03 2.088897e-01
2.343743e-03 2.046957e-01
2.345960e-03 2.001158e-01
2.348182e-03 1.806228e-01
2.349072e-03 1.705580e-01
2.361600e-03 1.724983e-01
2.384308e-03 1.760530e-01
2.479680e-03 1.913180e-01
2.583000e-03 2.082787e-01
2.695304e-03 2.272477e-01
2.817818e-03 2.484128e-01
2.952000e-03 2.721221e-01
3.099600e-03 2.985218e-01
3.262737e-03 3.281060e-01
3.444000e-03 3.612852e-01
3.646588e-03 3.979949e-01
3.874500e-03 4.386768e-01
4.132800e-03 4.835574e-01
4.275310e-03 5.074648e-01
4.428000e-03 5.323246e-01
4.592000e-03 5.581485e-01
4.768616e-03 5.845825e-01
4.959360e-03 6.117426e-01
5.166000e-03 6.393943e-01
5.390609e-03 6.672332e-01
5.635636e-03 6.951008e-01
5.904000e-03 7.225717e-01
6.199200e-03 7.493191e-01
6.358154e-03 7.623015e-01
6.525474e-03 7.745952e-01
6.701838e-03 7.869096e-01
6.888000e-03 7.999686e-01
6.965393e-03 8.057175e-01
7.044546e-03 8.125617e-01
7.084800e-03 8.158053e-01
7.101031e-03 8.168369e-01
7.125517e-03 8.176576e-01
7.166706e-03 8.189849e-01
7.208372e-03 8.209902e-01
7.250526e-03 8.230919e-01
7.293177e-03 8.235278e-01
7.336332e-03 8.244378e-01
7.380000e-03 8.267048e-01
7.424192e-03 8.290855e-01
7.468916e-03 8.326828e-01
7.514182e-03 8.357330e-01
7.560000e-03 8.390628e-01
7.583119e-03 8.407351e-01
7.606381e-03 8.410334e-01
7.653334e-03 8.414390e-01
7.700870e-03 8.420995e-01
7.749000e-03 8.439728e-01
7.797736e-03 8.461118e-01
7.847088e-03 8.487673e-01
7.867005e-03 8.507541e-01
7.887024e-03 8.535163e-01
7.907143e-03 8.573644e-01
7.927367e-03 8.606014e-01
7.947693e-03 8.638103e-01
7.968123e-03 8.660318e-01
7.988661e-03 8.651098e-01
8.009302e-03 8.601942e-01
8.030052e-03 8.555006e-01
8.050909e-03 8.537496e-01
8.103530e-03 8.517152e-01
8.156843e-03 8.520812e-01
8.210861e-03 8.534601e-01
8.265601e-03 8.546484e-01
8.321074e-03 8.563742e-01
8.377298e-03 8.578852e-01
8.434286e-03 8.595036e-01
8.492055e-03 8.606072e-01
8.503703e-03 8.608054e-01
8.550621e-03 8.619848e-01
8.856000e-03 8.695974e-01
9.184000e-03 8.760746e-01
9.537231e-03 8.873053e-01
9.611163e-03 8.903547e-01
9.686250e-03 8.938038e-01
9.762520e-03 8.983954e-01
9.840000e-03 9.042309e-01
9.918720e-03 9.091663e-01
9.950562e-03 9.106250e-01
9.998710e-03 9.102140e-01
1.016262e-02 9.106849e-01
1.033200e-02 9.073438e-01
1.041882e-02 9.040395e-01
1.050712e-02 9.052094e-01
1.059692e-02 9.070835e-01
1.068828e-02 9.125462e-01
1.078122e-02 9.174089e-01
1.087579e-02 9.236807e-01
1.097204e-02 9.266182e-01
1.101101e-02 9.256649e-01
1.107000e-02 9.233601e-01
1.116973e-02 9.200038e-01
1.127127e-02 9.201891e-01
1.137468e-02 9.216695e-01
1.148000e-02 9.224118e-01
1.158729e-02 9.351158e-01
1.169660e-02 9.545787e-01
1.174091e-02 9.636299e-01
1.180800e-02 9.645256e-01
1.192154e-02 9.383839e-01
1.203728e-02 9.204842e-01
1.215529e-02 9.133063e-01
1.227564e-02 9.114914e-01
1.239840e-02 9.082843e-01
1.252364e-02 9.069913e-01
1.265143e-02 9.072582e-01
1.278186e-02 9.075904e-01
1.291500e-02 9.057950e-01
1.294196e-02 9.048253e-01
1.305095e-02 9.069843e-01
1.318979e-02 9.114716e-01
1.324615e-02 9.132396e-01
1.333161e-02 9.121753e-01
1.347652e-02 9.072349e-01
1.362462e-02 9.055197e-01
1.377600e-02 9.054078e-01
1.393079e-02 9.059620e-01
1.408909e-02 9.064821e-01
1.425103e-02 9.072893e-01
1.441674e-02 9.081882e-01
1.458635e-02 9.091695e-01
1.476000e-02 9.099108e-01
1.479523e-02 9.099793e-01
1.493783e-02 9.106098e-01
1.512000e-02 9.114512e-01
1.530667e-02 9.123280e-01
1.549800e-02 9.132106e-01
1.569418e-02 9.140468e-01
1.589539e-02 9.148124e-01
1.610182e-02 9.155419e-01
1.631369e-02 9.162120e-01
1.653120e-02 9.164865e-01
1.675460e-02 9.190484e-01
1.686857e-02 9.205836e-01
1.698411e-02 9.208978e-01
1.722000e-02 9.206243e-01
1.746253e-02 9.211678e-01
1.771200e-02 9.232903e-01
1.796870e-02 9.222539e-01
1.823294e-02 9.200833e-01
1.850508e-02 9.204323e-01
1.878545e-02 9.217448e-01
1.907446e-02 9.241822e-01
1.910385e-02 9.245915e-01
1.940282e-02 9.275016e-01
1.971129e-02 9.315310e-01
1.986923e-02 9.342710e-01
2.002973e-02 9.351126e-01
2.035862e-02 9.333417e-01
2.069850e-02 9.308119e-01
2.104991e-02 9.298361e-01
2.119385e-02 9.296609e-01
2.133976e-02 9.297291e-01
2.148770e-02 9.295480e-01
2.163770e-02 9.286257e-01
2.178981e-02 9.282457e-01
2.194407e-02 9.292851e-01
2.210054e-02 9.317938e-01
2.225925e-02 9.380683e-01
2.242025e-02 9.451476e-01
2.258361e-02 9.536186e-01
2.274936e-02 9.637531e-01
2.291756e-02 9.716048e-01
2.308827e-02 9.696095e-01
2.326154e-02 9.601012e-01
2.343743e-02 9.527858e-01
2.361600e-02 9.478506e-01
2.384308e-02 9.420449e-01
2.431059e-02 9.348606e-01
2.479680e-02 9.321449e-01
2.530286e-02 9.301536e-01
2.583000e-02 9.290272e-01
2.637958e-02 9.290205e-01
2.695304e-02 9.294434e-01
2.755200e-02 9.294891e-01
2.773691e-02 9.286324e-01
2.817818e-02 9.284313e-01
2.952000e-02 9.296949e-01
3.099600e-02 9.319084e-01
3.262737e-02 9.346925e-01
3.444000e-02 9.380096e-01
3.646588e-02 9.417344e-01
3.874500e-02 9.452154e-01
4.132800e-02 9.452300e-01
4.275310e-02 9.478740e-01
4.428000e-02 9.540022e-01
4.592000e-02 9.605262e-01
4.768616e-02 9.668192e-01
4.959360e-02 9.725641e-01
5.166000e-02 9.769525e-01
5.390609e-02 9.782375e-01
5.635637e-02 9.745792e-01
5.904000e-02 9.714618e-01
6.199200e-02 9.790588e-01
6.525474e-02 9.980678e-01
6.888000e-02 1.025504e+00
7.293177e-02 1.059228e+00
7.749000e-02 1.096778e+00
8.265600e-02 1.141106e+00
8.856000e-02 1.165430e+00
9.116471e-02 1.169757e+00
9.322105e-02 1.177944e+00
9.537231e-02 1.186991e+00
9.762520e-02 1.196319e+00
9.999516e-02 1.205593e+00
1.024661e-01 1.215134e+00
1.050000e-01 1.227631e+00
1.078122e-01 1.241106e+00
1.109973e-01 1.254923e+00
1.148000e-01 1.270386e+00
1.180013e-01 1.282507e+00
1.215529e-01 1.295069e+00
1.249965e-01 1.306529e+00
1.278186e-01 1.315680e+00
1.305095e-01 1.324248e+00
1.333161e-01 1.333050e+00
1.362461e-01 1.341936e+00
1.389955e-01 1.349698e+00
1.408909e-01 1.354517e+00
1.425104e-01 1.358194e+00
1.441674e-01 1.362208e+00
1.458635e-01 1.367234e+00
1.490013e-01 1.379585e+00
1.549800e-01 1.408002e+00
1.600000e-01 1.418260e+00
1.653120e-01 1.417392e+00
1.700041e-01 1.411604e+00
1.800000e-01 1.239149e+00
1.899847e-01 1.011718e+00
2.000065e-01 7.055880e-01
2.100000e-01 6.393321e-01
2.137655e-01 6.312081e-01
2.175158e-01 5.826410e-01
2.190143e-01 5.524682e-01
2.214000e-01 5.003328e-01
2.254255e-01 4.266568e-01
2.299833e-01 3.790535e-01
2.339321e-01 3.596046e-01
2.384308e-01 3.542298e-01
2.400000e-01 3.553446e-01
2.500181e-01 3.845040e-01
2.583000e-01 4.099037e-01
2.739978e-01 3.979477e-01
2.850207e-01 3.435292e-01
2.917271e-01 3.121133e-01
3.099600e-01 2.621710e-01
3.262737e-01 2.514256e-01
3.440177e-01 2.572137e-01
3.649809e-01 2.633490e-01
3.814892e-01 2.562638e-01
3.999484e-01 2.361471e-01
4.339657e-01 1.902076e-01
4.399716e-01 1.830309e-01
4.860212e-01 1.412948e-01
5.500621e-01 1.093254e-01
6.563473e-01 8.074329e-02
7.000791e-01 7.285253e-02
7.998968e-01 5.938536e-02
8.997388e-01 4.995211e-02
9.998710e-01 4.304282e-02
1.127127e+00 3.668761e-02
1.239840e+00 3.249109e-02
1.249965e+00 3.218035e-02
1.305095e+00 3.058934e-02
1.377600e+00 2.876398e-02
1.458635e+00 2.699392e-02
1.549800e+00 2.528385e-02
1.650040e+00 2.365558e-02
1.771200e+00 2.200434e-02
1.907446e+00 2.051950e-02
2.066400e+00 1.909360e-02
2.121924e+00 1.865342e-02
2.199858e+00 1.809539e-02
2.254255e+00 1.772808e-02
2.423930e+00 1.670815e-02
2.479680e+00 1.641019e-02
2.755200e+00 1.516344e-02
3.099600e+00 1.398271e-02
3.262737e+00 1.358213e-02
3.401482e+00 1.323570e-02
3.646588e+00 1.264064e-02
3.874500e+00 1.214898e-02
4.132800e+00 1.166414e-02
4.428000e+00 1.112552e-02
4.768616e+00 1.065548e-02
4.999355e+00 1.043861e-02
5.166000e+00 1.032821e-02
5.510400e+00 1.025594e-02
5.635636e+00 1.027586e-02
5.904000e+00 1.039997e-02
6.199200e+00 1.060882e-02
6.358154e+00 1.068041e-02
6.525474e+00 1.071088e-02
6.701838e+00 1.071391e-02
6.911037e+00 1.070118e-02
7.084800e+00 1.081717e-02
7.293177e+00 1.150778e-02
7.514182e+00 1.395991e-02
7.749001e+00 2.080097e-02
7.998968e+00 3.430596e-02
8.265600e+00 5.552058e-02
8.377297e+00 6.374532e-02
8.492055e+00 7.094620e-02
8.610001e+00 7.806497e-02
8.731268e+00 8.652116e-02
8.856000e+00 9.706821e-02
8.984348e+00 1.093148e-01
9.116470e+00 1.217799e-01
9.252538e+00 1.319852e-01
9.392728e+00 1.376890e-01
9.537231e+00 1.381852e-01
9.663602e+00 1.353431e-01
9.686250e+00 1.346471e-01
9.840000e+00 1.295521e-01
9.998710e+00 1.247820e-01
1.016262e+01 1.205369e-01
1.033200e+01 1.154734e-01
1.050712e+01 1.076288e-01
1.068828e+01 9.829453e-02
1.087579e+01 9.015643e-02
1.107000e+01 8.333746e-02
1.127127e+01 7.657786e-02
1.148000e+01 7.050572e-02
1.169660e+01 6.509716e-02
1.192154e+01 5.925745e-02
1.215529e+01 5.359629e-02
1.227564e+01 5.115497e-02
1.239840e+01 4.884957e-02
1.265143e+01 4.419051e-02
1.291500e+01 3.972975e-02
1.318979e+01 3.605765e-02
1.347652e+01 3.266420e-02
1.377600e+01 2.990281e-02
1.408909e+01 2.862662e-02
1.441674e+01 2.901187e-02
1.476000e+01 3.060803e-02
1.499928e+01 3.191164e-02
1.512000e+01 3.258711e-02
1.549800e+01 3.496915e-02
1.589538e+01 3.766155e-02
1.631368e+01 4.056521e-02
1.675459e+01 4.348063e-02
1.722000e+01 4.595462e-02
1.771200e+01 4.788456e-02
1.823294e+01 4.861201e-02
1.878546e+01 4.808745e-02
1.937250e+01 4.608363e-02
2.000065e+01 4.294653e-02
2.032525e+01 4.118332e-02
2.066400e+01 3.974249e-02
2.101424e+01 3.828235e-02
2.137655e+01 3.680038e-02
2.175158e+01 3.547868e-02
2.214000e+01 3.416367e-02
2.254255e+01 3.266935e-02
2.296000e+01 3.133340e-02
2.339321e+01 3.017121e-02
2.384308e+01 2.893208e-02
2.431059e+01 2.778368e-02
2.479680e+01 2.668099e-02
2.499677e+01 2.620002e-02
2.755200e+01 2.123324e-02
2.999855e+01 1.775108e-02
3.350919e+01 1.410134e-02
3.757091e+01 1.129767e-02
4.132800e+01 9.305039e-03
4.508509e+01 7.761550e-03
4.999355e+01 6.242601e-03
5.166000e+01 5.824435e-03
5.390609e+01 5.322020e-03
5.635637e+01 4.839001e-03
5.904000e+01 4.379912e-03
6.199200e+01 3.946097e-03
6.358154e+01 3.736823e-03
6.525474e+01 3.535373e-03
6.701838e+01 3.338966e-03
6.888000e+01 3.147654e-03
7.000790e+01 3.041509e-03
7.084800e+01 2.963604e-03
7.293176e+01 2.786848e-03
7.514182e+01 2.615176e-03
7.749000e+01 2.448634e-03
7.998968e+01 2.289226e-03
8.265601e+01 2.135110e-03
8.550621e+01 1.987406e-03
8.856000e+01 1.845150e-03
9.184000e+01 1.709554e-03
9.537231e+01 1.578930e-03
9.998710e+01 1.430153e-03
1.033200e+02 1.335671e-03
1.127127e+02 1.114910e-03
1.180800e+02 1.012074e-03
1.239840e+02 9.150686e-04
1.350000e+02 7.675540e-04
1.499927e+02 6.185040e-04
1.749951e+02 4.516001e-04
2.000065e+02 3.440240e-04
2.250163e+02 2.705791e-04
2.400000e+02 2.374649e-04
2.479680e+02 2.215437e-04
2.500182e+02 2.175454e-04
2.599790e+02 1.983273e-04
2.749701e+02 1.736950e-04
2.999855e+02 1.421897e-04
3.488576e+02 1.019096e-04
3.986624e+02 7.706041e-05
4.485673e+02 6.092716e-05
4.999355e+02 4.954543e-05
5.481167e+02 4.184641e-05
5.980898e+02 3.586523e-05
6.199200e+02 3.370618e-05
6.377778e+02 3.210912e-05
6.577401e+02 3.048421e-05
6.778787e+02 2.898435e-05
7.000791e+02 2.748185e-05
7.500544e+02 2.457649e-05
7.973248e+02 2.228300e-05
8.997388e+02 1.834979e-05
9.998710e+02 1.547071e-05
1.200232e+03 1.152426e-05
1.239840e+03 1.093161e-05
1.499927e+03 8.036944e-06
2.000065e+03 5.051281e-06
2.479680e+03 3.573526e-06
2.999855e+03 2.628103e-06
3.999484e+03 1.653883e-06
4.999355e+03 1.154801e-06
6.199200e+03 8.171018e-07
7.000791e+03 6.719209e-07
8.997388e+03 4.487127e-07
9.998710e+03 3.773204e-07
1.100124e+04 3.127068e-07
1.239840e+04 2.460749e-07
1.499927e+04 1.679461e-07
2.000064e+04 9.444203e-08
2.479680e+04 6.143207e-08
2.999855e+04 4.194816e-08
4.999355e+04 1.509931e-08
6.199200e+04 9.824867e-09
7.000791e+04 7.701314e-09
9.998710e+04 3.776190e-09
1.239840e+05 2.455121e-09

